-0.28223,-0.44841
-0.28064,-0.44762
-0.27895,-0.4467
-0.27714,-0.44568
-0.27521,-0.44461
-0.27317,-0.44356
-0.27103,-0.4426
-0.2688,-0.44179
-0.26652,-0.4412
-0.26421,-0.44084
-0.2619,-0.44073
-0.25963,-0.44086
-0.25741,-0.4412
-0.25524,-0.44174
-0.2531,-0.44244
-0.25097,-0.44329
-0.2488,-0.4443
-0.24655,-0.44545
-0.2442,-0.44676
-0.24169,-0.44821
-0.23904,-0.44978
-0.23621,-0.45141
-0.23322,-0.45304
-0.23008,-0.4546
-0.22677,-0.45602
-0.22331,-0.45723
-0.21969,-0.45819
-0.21588,-0.45889
-0.21188,-0.45935
-0.20766,-0.45959
-0.20321,-0.45965
-0.19851,-0.4596
-0.19356,-0.45949
-0.18836,-0.45937
-0.18294,-0.45929
-0.17731,-0.45928
-0.17153,-0.45937
-0.16564,-0.45957
-0.15972,-0.4599
-0.15383,-0.46033
-0.14805,-0.46086
-0.14244,-0.46145
-0.13707,-0.46208
-0.132,-0.46274
-0.12726,-0.46345
-0.12287,-0.46421
-0.11883,-0.46507
-0.1151,-0.46607
-0.11165,-0.46724
-0.10842,-0.4686
-0.10534,-0.47016
-0.10236,-0.4719
-0.099416,-0.4738
-0.096492,-0.4758
-0.093572,-0.47787
-0.090665,-0.47996
-0.087791,-0.48202
-0.084975,-0.48403
-0.08224,-0.48595
-0.079601,-0.48777
-0.077068,-0.48948
-0.07464,-0.49108
-0.072314,-0.49258
-0.070085,-0.49399
-0.067954,-0.49529
-0.065922,-0.49652
-0.063998,-0.49765
-0.062188,-0.49871
-0.060497,-0.49971
-0.058924,-0.50066
-0.057463,-0.50159
-0.056103,-0.50253
-0.054824,-0.5035
-0.053608,-0.5045
-0.052434,-0.50555
-0.051284,-0.50662
-0.050144,-0.50768
-0.049001,-0.50867
-0.047845,-0.50957
-0.046674,-0.51034
-0.045486,-0.51097
-0.044288,-0.51147
-0.043092,-0.51189
-0.041912,-0.51229
-0.040768,-0.51275
-0.039676,-0.51333
-0.03865,-0.51412
-0.037697,-0.51514
-0.036813,-0.51641
-0.035988,-0.51789
-0.035203,-0.51952
-0.034439,-0.52123
-0.033678,-0.52291
-0.032906,-0.5245
-0.032112,-0.52592
-0.031287,-0.52715
-0.030419,-0.52818
-0.029491,-0.52904
-0.028473,-0.52978
-0.027331,-0.53047
-0.026024,-0.53117
-0.02452,-0.53194
-0.022797,-0.53283
-0.020857,-0.53386
-0.018726,-0.53501
-0.016455,-0.53625
-0.014113,-0.53753
-0.011775,-0.53878
-0.0095145,-0.53994
-0.0073896,-0.54096
-0.0054412,-0.54181
-0.0036898,-0.54247
-0.0021383,-0.54296
-0.00077821,-0.5433
0.00040436,-0.54351
0.0014233,-0.54364
0.0022895,-0.5437
0.0030116,-0.54373
0.0035975,-0.54375
0.0040559,-0.54375
0.0043987,-0.54375
0.0046412,-0.54375
0.0048011,-0.54375
0.0048945,-0.54375
0.0049331,-0.54374
0.0049227,-0.54372
0.004861,-0.54367
0.0047369,-0.54359
0.0045335,-0.54345
0.0042332,-0.54325
0.003822,-0.54297
0.0032959,-0.5426
0.0026653,-0.54215
0.0019577,-0.54163
0.0012198,-0.54105
0.00051696,-0.54045
-7.201e-05,-0.53984
-0.00046656,-0.53924
-0.00059828,-0.53865
-0.00042049,-0.53809
8.194e-05,-0.53754
0.00088353,-0.53701
0.0019188,-0.53649
0.0030909,-0.53598
0.0042818,-0.53547
0.0053663,-0.53497
0.0062255,-0.53447
0.0067524,-0.53395
0.0068538,-0.5334
0.0064488,-0.5328
0.0054708,-0.53208
0.0038705,-0.53122
0.0016226,-0.53015
-0.0012616,-0.52885
-0.0047221,-0.52729
-0.0086439,-0.52548
-0.012861,-0.52346
-0.017168,-0.5213
-0.021344,-0.51909
-0.025182,-0.51693
-0.028518,-0.51491
-0.031247,-0.51311
-0.03333,-0.51157
-0.034793,-0.51032
-0.03571,-0.50936
-0.036188,-0.50866
-0.036344,-0.50819
-0.036286,-0.50793
-0.036109,-0.50784
-0.035884,-0.50788
-0.035659,-0.50805
-0.035466,-0.50831
-0.035316,-0.50866
-0.03521,-0.5091
-0.03514,-0.50964
-0.035092,-0.51031
-0.035049,-0.51113
-0.034997,-0.51213
-0.034922,-0.51333
-0.034821,-0.51473
-0.034698,-0.51631
-0.034562,-0.51801
-0.034431,-0.51976
-0.034323,-0.5215
-0.034253,-0.52314
-0.034234,-0.52462
-0.034266,-0.52591
-0.034341,-0.52698
-0.034446,-0.52785
-0.034566,-0.52853
-0.034684,-0.52906
-0.034788,-0.52945
-0.034869,-0.52975
-0.034924,-0.52996
-0.034951,-0.5301
-0.034949,-0.53018
-0.034912,-0.53021
-0.034832,-0.53019
-0.034698,-0.53011
-0.034504,-0.52998
-0.034246,-0.52979
-0.033934,-0.52952
-0.033591,-0.52913
-0.033252,-0.52861
-0.032961,-0.52789
-0.032766,-0.52696
-0.032708,-0.52579
-0.032814,-0.52438
-0.033094,-0.52273
-0.033531,-0.52091
-0.034092,-0.51898
-0.034729,-0.51703
-0.035388,-0.51515
-0.036016,-0.51342
-0.03657,-0.51194
-0.037014,-0.51076
-0.037331,-0.50993
-0.037513,-0.50946
-0.037564,-0.50935
-0.037497,-0.50958
-0.037331,-0.51009
-0.03709,-0.51081
-0.036799,-0.51168
-0.036485,-0.5126
-0.036174,-0.51349
-0.035885,-0.5143
-0.035634,-0.51495
-0.03543,-0.51544
-0.035273,-0.51574
-0.035158,-0.51587
-0.035074,-0.51587
-0.035005,-0.51579
-0.034931,-0.51567
-0.034829,-0.51556
-0.034675,-0.51549
-0.03445,-0.5155
-0.034136,-0.51559
-0.033725,-0.51577
-0.033222,-0.51601
-0.03264,-0.51629
-0.032006,-0.51658
-0.031356,-0.51685
-0.030732,-0.51709
-0.030174,-0.51726
-0.029721,-0.51737
-0.029404,-0.51741
-0.029243,-0.51741
-0.029251,-0.51736
-0.029426,-0.51729
-0.029757,-0.5172
-0.030221,-0.5171
-0.030783,-0.51698
-0.031402,-0.51681
-0.032028,-0.5166
-0.03261,-0.51633
-0.033097,-0.51599
-0.033445,-0.51559
-0.033622,-0.51515
-0.033607,-0.51469
-0.033394,-0.51424
-0.032988,-0.51383
-0.032409,-0.51348
-0.031681,-0.51319
-0.030834,-0.51297
-0.029902,-0.51281
-0.028918,-0.51267
-0.027914,-0.51252
-0.026922,-0.51235
-0.02597,-0.51209
-0.025083,-0.51174
-0.024282,-0.51125
-0.023577,-0.51062
-0.022972,-0.50985
-0.02246,-0.50896
-0.022028,-0.50795
-0.02166,-0.50687
-0.02134,-0.50575
-0.02106,-0.50461
-0.020818,-0.5035
-0.02062,-0.50242
-0.020475,-0.50141
-0.020396,-0.50048
-0.020389,-0.49962
-0.020454,-0.49884
-0.020578,-0.49812
-0.020745,-0.49744
-0.020932,-0.49678
-0.021118,-0.49611
-0.021284,-0.49539
-0.021417,-0.49462
-0.021508,-0.49378
-0.021552,-0.49285
-0.021545,-0.49184
-0.021478,-0.49076
-0.021342,-0.48961
-0.021121,-0.4884
-0.020801,-0.48715
-0.020369,-0.4859
-0.019818,-0.4847
-0.019147,-0.48358
-0.018364,-0.48261
-0.017484,-0.48183
-0.01653,-0.48127
-0.015531,-0.48092
-0.014515,-0.48074
-0.013514,-0.48065
-0.012557,-0.48056
-0.011669,-0.48036
-0.01087,-0.47997
-0.010168,-0.47934
-0.0095591,-0.47846
-0.0090261,-0.47738
-0.008539,-0.47617
-0.0080587,-0.47492
-0.0075408,-0.47372
-0.0069403,-0.47263
-0.0062172,-0.47168
-0.0053403,-0.47087
-0.0042885,-0.47018
-0.0030518,-0.46959
-0.0016303,-0.46907
-3.2349e-05,-0.46858
0.0017252,-0.46813
0.0036163,-0.4677
0.0056068,-0.46727
0.0076564,-0.46683
0.0097211,-0.46635
0.011756,-0.46578
0.01372,-0.4651
0.01558,-0.46429
0.017315,-0.46334
0.018919,-0.46227
0.020397,-0.46111
0.021768,-0.45989
0.023055,-0.45866
0.024289,-0.45743
0.025503,-0.45623
0.026729,-0.45504
0.027996,-0.45388
0.029331,-0.45271
0.030753,-0.45154
0.032273,-0.45032
0.033894,-0.44905
0.035611,-0.44767
0.037415,-0.44617
0.039292,-0.4445
0.041236,-0.44264
0.043248,-0.44057
0.045336,-0.43831
0.047516,-0.43588
0.049808,-0.43334
0.052225,-0.43073
0.05477,-0.42814
0.057434,-0.42563
0.060189,-0.42327
0.063001,-0.4211
0.06583,-0.41916
0.06864,-0.41746
0.071409,-0.416
0.07413,-0.41479
0.076813,-0.41378
0.079482,-0.41296
0.082168,-0.4123
0.084905,-0.41176
0.087716,-0.41131
0.090619,-0.41092
0.093619,-0.41056
0.09671,-0.41019
0.099878,-0.40976
0.10311,-0.40924
0.10639,-0.40859
0.10972,-0.40776
0.11309,-0.40672
0.1165,-0.40542
0.11998,-0.40385
0.12354,-0.40196
0.1272,-0.39976
0.13097,-0.39723
0.13485,-0.3944
0.13885,-0.3913
0.14296,-0.38798
0.14717,-0.38452
0.15144,-0.381
0.15577,-0.37753
0.16011,-0.37419
0.16445,-0.37108
0.16876,-0.36827
0.17301,-0.3658
0.1772,-0.3637
0.18133,-0.36197
0.18542,-0.36058
0.1895,-0.3595
0.19359,-0.3587
0.19775,-0.35811
0.20203,-0.35771
0.20644,-0.35744
0.21103,-0.35726
0.21578,-0.35714
0.2207,-0.35704
0.22574,-0.35692
0.23088,-0.35675
0.23607,-0.35649
0.24126,-0.35613
0.2464,-0.35563
0.25146,-0.35498
0.25639,-0.35417
0.26116,-0.35322
0.26575,-0.35214
0.27015,-0.35097
0.27435,-0.34977
0.27836,-0.34858
0.28217,-0.34748
0.28581,-0.34653
0.28927,-0.34579
0.29256,-0.34531
0.29567,-0.34513
0.29858,-0.34525
0.30128,-0.34565
0.30374,-0.3463
0.30597,-0.3471
0.30796,-0.34798
0.30973,-0.34885
0.31127,-0.34962
0.31262,-0.35026
0.31379,-0.35074
0.31481,-0.35109
0.31568,-0.35134
0.31641,-0.35157
0.31704,-0.35185
0.31758,-0.35223
0.31806,-0.35277
0.31852,-0.35349
0.31899,-0.35441
0.31949,-0.35552
0.32005,-0.35678
0.32068,-0.35818
0.32139,-0.35967
0.32216,-0.36123
0.32299,-0.36284
0.32389,-0.36445
0.32485,-0.36606
0.3259,-0.36764
0.32703,-0.36916
0.32825,-0.37061
0.32953,-0.37197
0.33087,-0.37322
0.3322,-0.37438
0.33349,-0.37545
0.33469,-0.37643
0.33577,-0.37736
0.33672,-0.37825
0.33755,-0.37911
0.33827,-0.37996
0.33894,-0.3808
0.33959,-0.38165
0.34024,-0.38249
0.34092,-0.38333
0.34162,-0.38417
0.34233,-0.385
0.34302,-0.38582
0.34366,-0.38661
0.34422,-0.38736
0.34466,-0.38804
0.34498,-0.38865
0.34519,-0.38916
0.34529,-0.38957
0.34531,-0.38988
0.34528,-0.3901
0.34523,-0.39024
0.34516,-0.39033
0.3451,-0.39038
0.34506,-0.3904
0.34503,-0.39041
0.34501,-0.39042
0.345,-0.39042
0.345,-0.39042
0.345,-0.39042
0.345,-0.39042
0.345,-0.39042
0.345,-0.39042
0.34501,-0.39042
0.34503,-0.39042
0.34507,-0.39042
0.34514,-0.39042
0.34523,-0.39042
0.34537,-0.39042
0.34554,-0.39042
0.34574,-0.39042
0.34597,-0.39042
0.34621,-0.39041
0.34644,-0.39041
0.34664,-0.3904
0.34681,-0.39037
0.34691,-0.39031
0.34693,-0.39021
0.34687,-0.39006
0.34671,-0.38982
0.34644,-0.38948
0.34606,-0.38902
0.34559,-0.38844
0.34502,-0.38772
0.34439,-0.38688
0.34371,-0.38593
0.34302,-0.3849
0.34233,-0.38382
0.34168,-0.38274
0.34107,-0.38169
0.34051,-0.38071
0.34003,-0.37984
0.3396,-0.37909
0.33925,-0.37848
0.33897,-0.37801
0.33875,-0.37766
0.33859,-0.37742
0.33848,-0.37727
0.33841,-0.37717
0.33837,-0.37712
0.33835,-0.3771
0.33834,-0.37709
0.33833,-0.37708
0.33833,-0.37708
0.33833,-0.37708
0.33833,-0.37708
0.33833,-0.37708
0.33833,-0.37708
0.33833,-0.37708
0.33833,-0.37708
0.33833,-0.37708
0.33833,-0.37708
0.33833,-0.37708
0.33833,-0.37708
0.33833,-0.37708
0.33833,-0.37708
0.33833,-0.37708
0.33833,-0.37708
0.33833,-0.37708
0.33833,-0.37708
0.33833,-0.37708
0.33833,-0.37708
0.33833,-0.37708
0.33833,-0.37708
0.33833,-0.37708
0.33833,-0.37708
0.33833,-0.37708
0.33833,-0.37708
0.33833,-0.37708
0.33833,-0.37708
0.33833,-0.37708
0.33833,-0.37708
0.33833,-0.37708
0.33833,-0.37708
0.33833,-0.37708
0.33833,-0.37708
0.33833,-0.37708
0.33833,-0.37708
0.33833,-0.37708
0.33833,-0.37707
0.33833,-0.37705
0.33833,-0.377
0.33833,-0.37691
0.33833,-0.37676
0.33834,-0.37654
0.33835,-0.37622
0.33837,-0.37581
0.33842,-0.37531
0.3385,-0.37472
0.33864,-0.37408
0.33883,-0.3734
0.33909,-0.3727
0.33941,-0.372
0.33977,-0.37129
0.34013,-0.37055
0.34046,-0.36973
0.34074,-0.36878
0.34092,-0.36766
0.34102,-0.36634
0.34106,-0.3648
0.34107,-0.36305
0.34113,-0.36112
0.34132,-0.35908
0.34171,-0.35699
0.34236,-0.3549
0.34333,-0.35288
0.34464,-0.35095
0.34627,-0.34912
0.3482,-0.34736
0.35035,-0.34565
0.35265,-0.34393
0.35502,-0.34217
0.3574,-0.34032
0.35971,-0.33837
0.36194,-0.33632
0.36409,-0.33419
0.36618,-0.33199
0.36829,-0.32977
0.37049,-0.32755
0.37286,-0.32535
0.37548,-0.3232
0.3784,-0.32111
0.38164,-0.31907
0.38518,-0.31707
0.38898,-0.31512
0.39296,-0.31321
0.39702,-0.31135
0.40105,-0.30954
0.40494,-0.3078
0.40859,-0.30615
0.41191,-0.30458
0.41484,-0.3031
0.41738,-0.3017
0.41956,-0.30037
0.42147,-0.2991
0.42326,-0.2979
0.42509,-0.29676
0.42715,-0.29572
0.42957,-0.29478
0.43245,-0.29395
0.43579,-0.29322
0.43951,-0.29256
0.44346,-0.29189
0.44746,-0.29116
0.45132,-0.29029
0.45488,-0.28922
0.45802,-0.28793
0.46066,-0.28641
0.46275,-0.28472
0.4643,-0.28292
0.46528,-0.2811
0.4657,-0.27935
0.4656,-0.27775
0.46502,-0.27634
0.46407,-0.27512
0.46289,-0.27407
0.46165,-0.27315
0.4605,-0.27226
0.45959,-0.27134
0.45898,-0.27032
0.45867,-0.26914
0.4586,-0.26781
0.45865,-0.26633
0.45866,-0.26474
0.45849,-0.2631
0.45803,-0.26148
0.45718,-0.25993
0.45593,-0.25849
0.45429,-0.25717
0.45234,-0.25595
0.45017,-0.2548
0.4479,-0.25363
0.44564,-0.25238
0.44352,-0.25096
0.44164,-0.24932
0.44004,-0.24741
0.43875,-0.24521
0.43777,-0.24273
0.43707,-0.23998
0.43658,-0.237
0.43624,-0.23383
0.43599,-0.23051
0.43579,-0.22707
0.43559,-0.22355
0.43539,-0.21995
0.4352,-0.21629
0.43502,-0.2126
0.43486,-0.20889
0.43472,-0.20517
0.43457,-0.20148
0.43436,-0.19785
0.434,-0.19431
0.43338,-0.19091
0.43238,-0.18772
0.4309,-0.18477
0.42886,-0.18211
0.42626,-0.17975
0.42319,-0.1777
0.41981,-0.17589
0.41631,-0.17424
0.41296,-0.17263
0.40996,-0.17095
0.40748,-0.16908
0.40558,-0.16696
0.40425,-0.16457
0.40337,-0.16191
0.40276,-0.15905
0.40223,-0.15606
0.40162,-0.15301
0.40081,-0.14995
0.39972,-0.14689
0.39836,-0.14381
0.3968,-0.14068
0.3951,-0.13743
0.39338,-0.134
0.39172,-0.13034
0.3902,-0.12641
0.38887,-0.12221
0.38776,-0.11777
0.38688,-0.11314
0.38622,-0.10839
0.38575,-0.1036
0.38545,-0.098876
0.38529,-0.094286
0.38524,-0.089895
0.38528,-0.085744
0.38539,-0.081847
0.38554,-0.078201
0.38573,-0.074781
0.38592,-0.071556
0.38609,-0.068488
0.38622,-0.065539
0.38628,-0.062674
0.38627,-0.059864
0.38618,-0.057079
0.386,-0.054295
0.38573,-0.051493
0.38538,-0.04866
0.38494,-0.04579
0.3844,-0.042887
0.38374,-0.039966
0.38292,-0.037054
0.38193,-0.03419
0.38073,-0.031427
0.37931,-0.028822
0.37764,-0.026441
0.37574,-0.024342
0.37362,-0.022577
0.37131,-0.021174
0.36885,-0.020137
0.3663,-0.019444
0.3637,-0.019047
0.36113,-0.018882
0.35861,-0.01887
0.35618,-0.018937
0.35385,-0.01902
0.35161,-0.019069
0.34944,-0.019057
0.34731,-0.018972
0.34518,-0.018817
0.343,-0.018608
0.34078,-0.018367
0.33848,-0.018122
0.3361,-0.017901
0.33366,-0.017735
0.33115,-0.017658
0.32857,-0.017707
0.32592,-0.017916
0.32318,-0.018315
0.32035,-0.018923
0.31743,-0.019744
0.31445,-0.020763
0.31145,-0.021944
0.30848,-0.023233
0.30561,-0.024567
0.30289,-0.025884
0.30038,-0.027137
0.2981,-0.028302
0.29605,-0.029383
0.29419,-0.030412
0.29247,-0.031441
0.29082,-0.032529
0.28918,-0.033729
0.28749,-0.035073
0.28571,-0.036566
0.28386,-0.038175
0.28195,-0.039839
0.28002,-0.041473
0.27813,-0.042985
0.27636,-0.044281
0.27476,-0.045283
0.27336,-0.045942
0.27219,-0.046242
0.27123,-0.046199
0.27044,-0.045863
0.26978,-0.045305
0.26916,-0.044616
0.26852,-0.04389
0.26779,-0.04322
0.26691,-0.042685
0.26584,-0.042345
0.26455,-0.042238
0.26304,-0.04238
0.26132,-0.042762
0.2594,-0.043357
0.25732,-0.044116
0.25514,-0.044984
0.25291,-0.045899
0.25069,-0.046803
0.24855,-0.047643
0.24655,-0.048381
0.24475,-0.048994
0.24317,-0.049475
0.24186,-0.04983
0.2408,-0.050076
0.23998,-0.050234
0.23939,-0.050328
0.23897,-0.050378
0.23869,-0.050403
0.23852,-0.050413
0.23842,-0.050416
0.23837,-0.050417
0.23835,-0.050417
0.23834,-0.050417
0.23833,-0.050417
0.23833,-0.050417
0.23833,-0.050417
0.23833,-0.050417
0.23833,-0.050417
0.23833,-0.050417
0.23833,-0.050417
0.23833,-0.050417
0.23833,-0.050417
0.23833,-0.050417
0.23833,-0.050417
0.23833,-0.050417
0.23833,-0.050417
0.23833,-0.050417
0.23833,-0.050417
0.23833,-0.050417
0.23833,-0.050417
0.23833,-0.050417
0.23833,-0.050417
0.23833,-0.050417
0.23833,-0.050417
0.23833,-0.050417
0.23833,-0.050417
0.23833,-0.050417
0.23833,-0.050417
0.23833,-0.050417
0.23833,-0.050417
0.23833,-0.050417
0.23833,-0.050417
0.23833,-0.050417
0.23833,-0.050417
0.23833,-0.050417
0.23833,-0.050417
0.23833,-0.050417
0.23833,-0.050417
0.23833,-0.050417
0.23833,-0.050417
0.23833,-0.050417
0.23833,-0.050417
0.23833,-0.050417
0.23833,-0.050417
0.23833,-0.050417
0.23833,-0.050417
0.23833,-0.050417
0.23833,-0.050417
0.23833,-0.050417
0.23833,-0.050417
0.23833,-0.050417
0.23833,-0.050417
0.23833,-0.050417
0.23833,-0.050421
0.23833,-0.050431
0.23833,-0.050457
0.23833,-0.050508
0.23833,-0.050601
0.23833,-0.050753
0.23833,-0.050982
0.23833,-0.0513
0.23833,-0.051713
0.23833,-0.052212
0.23833,-0.052773
0.23833,-0.053359
0.23833,-0.053921
0.23833,-0.054402
0.23833,-0.054754
0.23833,-0.054935
0.23833,-0.054926
0.23833,-0.054727
0.23833,-0.054361
0.23833,-0.05387
0.23833,-0.053304
0.23833,-0.052718
0.23833,-0.052158
0.23833,-0.051657
0.23833,-0.051228
0.23833,-0.050867
0.23833,-0.050555
0.23833,-0.050258
0.23833,-0.049943
0.23833,-0.049577
0.23833,-0.049136
0.23833,-0.048609
0.23833,-0.047996
0.23833,-0.047307
0.23833,-0.046558
0.23833,-0.045761
0.23833,-0.044926
0.23833,-0.044053
0.23833,-0.043132
0.23832,-0.042149
0.23829,-0.041087
0.23824,-0.039932
0.23816,-0.038675
0.23802,-0.037311
0.23782,-0.035839
0.23755,-0.034259
0.23723,-0.032564
0.23686,-0.030741
0.23648,-0.028769
0.23611,-0.026617
0.23578,-0.02425
0.2355,-0.021636
0.23528,-0.018744
0.23509,-0.015548
0.23493,-0.01203
0.23476,-0.0081804
0.23458,-0.0039898
0.23439,0.00054675
0.23421,0.0054324
0.2341,0.010668
0.23408,0.016252
0.23419,0.022175
0.23445,0.028419
0.23484,0.034959
0.2353,0.041761
0.23578,0.048783
0.23618,0.05598
0.23644,0.063311
0.23649,0.070741
0.23633,0.078247
0.23598,0.085821
0.23546,0.093467
0.23487,0.1012
0.23426,0.10904
0.23373,0.11699
0.23334,0.12506
0.23312,0.13324
0.2331,0.1415
0.23328,0.1498
0.23362,0.15809
0.23409,0.1663
0.23463,0.1744
0.23516,0.18233
0.23563,0.19005
0.23597,0.19754
0.23613,0.20477
0.23607,0.21174
0.23578,0.21842
0.23525,0.22484
0.2345,0.23099
0.23355,0.2369
0.23243,0.24258
0.23119,0.24808
0.22986,0.25342
0.22847,0.25863
0.22708,0.26377
0.22573,0.26884
0.22443,0.27388
0.22322,0.2789
0.22211,0.28392
0.2211,0.28891
0.22017,0.29388
0.21931,0.29881
0.21849,0.30367
0.21767,0.30841
0.21683,0.313
0.21593,0.31738
0.21496,0.32152
0.21391,0.32536
0.21276,0.32886
0.2115,0.33201
0.21014,0.3348
0.20871,0.33725
0.20721,0.33939
0.20569,0.34126
0.2042,0.34292
0.20279,0.34444
0.2015,0.34587
0.20037,0.34726
0.19942,0.34864
0.19865,0.35005
0.19806,0.35148
0.1976,0.35293
0.19724,0.35439
0.19694,0.35585
0.19666,0.35729
0.19637,0.3587
0.19604,0.36008
0.19566,0.36143
0.19522,0.36276
0.1947,0.36408
0.19411,0.36541
0.19344,0.36678
0.19271,0.36821
0.19192,0.36973
0.19108,0.3714
0.19022,0.37323
0.18934,0.37527
0.18844,0.37752
0.18751,0.37999
0.18652,0.38266
0.18544,0.3855
0.18423,0.38849
0.18286,0.39157
0.1813,0.39472
0.17957,0.39792
0.17768,0.40115
0.17568,0.40441
0.17363,0.4077
0.17159,0.41102
0.16962,0.41435
0.16778,0.41766
0.16608,0.4209
0.16453,0.42402
0.16312,0.42694
0.16184,0.42961
0.16067,0.432
0.15961,0.4341
0.15868,0.43594
0.1579,0.43758
0.15731,0.43908
0.15694,0.44053
0.15678,0.442
0.15683,0.44353
0.15701,0.44515
0.15726,0.44688
0.15745,0.44869
0.1575,0.45058
0.1573,0.45251
0.15679,0.45449
0.15594,0.4565
0.15475,0.45852
0.15324,0.46055
0.15148,0.46257
0.14955,0.46457
0.14754,0.46654
0.14555,0.46849
0.14366,0.47043
0.14194,0.47241
0.14043,0.47446
0.13917,0.47667
0.13813,0.47908
0.1373,0.48175
0.13661,0.48472
0.13602,0.488
0.13546,0.49155
0.13489,0.49531
0.13429,0.49918
0.13363,0.50305
0.13291,0.5068
0.13213,0.51029
0.13127,0.51346
0.13032,0.51625
0.12925,0.51869
0.12804,0.52085
0.12668,0.52283
0.1252,0.52476
0.12364,0.52675
0.12206,0.52887
0.12057,0.53115
0.11926,0.53356
0.11818,0.53604
0.11739,0.53851
0.11687,0.54088
0.11659,0.54311
0.11649,0.54514
0.1165,0.54696
0.11657,0.5486
0.11666,0.55005
0.11675,0.55133
0.11684,0.55245
0.11695,0.55341
0.11709,0.55421
0.11725,0.55485
0.11743,0.55533
0.11763,0.55569
0.11781,0.55593
0.11797,0.55608
0.1181,0.55617
0.1182,0.55621
0.11826,0.55624
0.1183,0.55625
0.11832,0.55625
0.11833,0.55625
0.11833,0.55625
0.11833,0.55625
0.11833,0.55625
0.11833,0.55625
0.11833,0.55625
0.11832,0.55625
0.1183,0.55625
0.11826,0.55625
0.11819,0.55625
0.11807,0.55625
0.11791,0.55625
0.1177,0.55625
0.11742,0.55625
0.11708,0.55625
0.11668,0.55625
0.11625,0.55625
0.11579,0.55625
0.11534,0.55625
0.11492,0.55625
0.11457,0.55625
0.11433,0.55625
0.11421,0.55625
0.11423,0.55625
0.11441,0.55625
0.11472,0.55625
0.11512,0.55625
0.11556,0.55625
0.11598,0.55625
0.1163,0.55625
0.11646,0.55623
0.11642,0.55621
0.11615,0.55615
0.11565,0.55605
0.11497,0.55589
0.11415,0.55565
0.11326,0.55531
0.11236,0.55485
0.11149,0.55427
0.11068,0.55357
0.10994,0.55274
0.10927,0.55178
0.10864,0.55071
0.10804,0.54951
0.10748,0.5482
0.10694,0.54675
0.10643,0.54514
0.10598,0.54337
0.10558,0.5414
0.10524,0.53922
0.10494,0.5368
0.10464,0.53414
0.1043,0.53123
0.10385,0.52809
0.10326,0.52472
0.10246,0.52114
0.10143,0.51737
0.10019,0.51343
0.098737,0.50932
0.097142,0.50505
0.095476,0.50059
0.093816,0.49595
0.092238,0.4911
0.090808,0.48602
0.089577,0.48069
0.088586,0.47511
0.087861,0.46924
0.08741,0.46309
0.087227,0.45666
0.087289,0.44996
0.087546,0.44305
0.087924,0.436
0.088321,0.42894
0.088621,0.422
0.088718,0.41532
0.088527,0.40901
0.088008,0.40315
0.087163,0.39777
0.086037,0.39281
0.084706,0.38821
0.083254,0.38386
0.081745,0.37965
0.080212,0.37553
0.078653,0.37147
0.077034,0.36749
0.07531,0.36362
0.073442,0.35992
0.071406,0.35638
0.069202,0.35301
0.066854,0.34974
0.064403,0.3465
0.06189,0.3432
0.05935,0.33978
0.056808,0.33621
0.054274,0.3325
0.051752,0.3287
0.049238,0.32488
0.046726,0.3211
0.044203,0.31744
0.041652,0.31397
0.039047,0.31074
0.036354,0.30779
0.033533,0.30516
0.030539,0.30291
0.027333,0.30108
0.023884,0.29972
0.020178,0.29886
0.016211,0.29852
0.011996,0.29869
0.0075574,0.29936
0.0029221,0.30047
-0.0018812,0.30196
-0.0068265,0.30374
-0.01189,0.30573
-0.01705,0.30787
-0.022286,0.31009
-0.02758,0.31235
-0.032912,0.3146
-0.038263,0.31681
-0.043619,0.31895
-0.048974,0.321
-0.054328,0.32293
-0.059694,0.32474
-0.065087,0.32643
-0.070525,0.32804
-0.076023,0.32962
-0.081586,0.33125
-0.087206,0.333
-0.092863,0.33494
-0.098531,0.33715
-0.10418,0.33965
-0.10978,0.34248
-0.11532,0.34562
-0.12079,0.34906
-0.12621,0.35275
-0.13159,0.35663
-0.13695,0.36064
-0.14232,0.36467
-0.14771,0.36863
-0.15314,0.37242
-0.1586,0.37593
-0.1641,0.37909
-0.16962,0.38183
-0.17517,0.38416
-0.18073,0.38611
-0.18632,0.38775
-0.19194,0.38922
-0.19761,0.39063
-0.20334,0.39212
-0.20915,0.39379
-0.21505,0.3957
-0.22107,0.39788
-0.22719,0.40029
-0.23339,0.40287
-0.23963,0.40554
-0.24587,0.40823
-0.25203,0.41086
-0.25803,0.4134
-0.26379,0.41583
-0.26922,0.41814
-0.27426,0.42035
-0.27887,0.42244
-0.28302,0.4244
-0.28674,0.42621
-0.29004,0.42785
-0.29297,0.4293
-0.29559,0.43057
-0.29795,0.43171
-0.3001,0.43279
-0.30208,0.43387
-0.30392,0.43505
-0.30563,0.43639
-0.30722,0.43793
-0.30868,0.43964
-0.30999,0.44149
-0.31115,0.44339
-0.31214,0.44524
-0.31296,0.44696
-0.3136,0.4485
-0.3141,0.44985
-0.31446,0.45103
-0.31472,0.45213
-0.31493,0.45323
-0.31512,0.45443
-0.31533,0.45578
-0.3156,0.45732
-0.31595,0.45902
-0.31642,0.46082
-0.31699,0.46265
-0.31769,0.46441
-0.31849,0.46604
-0.31939,0.46748
-0.32037,0.46871
-0.32142,0.46974
-0.32253,0.4706
-0.32371,0.47134
-0.32496,0.47201
-0.32629,0.47267
-0.32771,0.47336
-0.32921,0.47409
-0.33078,0.47488
-0.33238,0.47572
-0.33397,0.47659
-0.3355,0.47744
-0.33689,0.47824
-0.3381,0.47897
-0.33908,0.47959
-0.3398,0.48012
-0.34026,0.48055
-0.34046,0.4809
-0.34042,0.48121
-0.34016,0.48148
-0.33974,0.48173
-0.33919,0.48198
-0.33857,0.4822
-0.33792,0.4824
-0.33729,0.48256
-0.33672,0.48269
-0.33622,0.48279
-0.33582,0.48285
-0.33552,0.48289
-0.33531,0.48291
