Page	minId	maxId
1		1		10
2		11		20
3		21		30
4		31		40
5		41		49
6		50		59
7		60		69
8		70		80
9		81		89
10		90		98
11		99		108
12		109		120
13		121		131
14		132		141
15		142		151
16		152		162
17		163		171
18		172		181
19		182		191
20		192		200
21		201		209
22		210		219
23		220		229
24		230		239
25		240		249
26		250		262
27		263		266
28		267		275
29		276		287
30		288		296
31		297		306
32		307		316
33		317		326
34		327		336
35		337		346
36		347		357
37		358		367
38		368		376
39		377		386
40		387		396
41		397		406
42		407		411
43		412		421
44		422		432
45		433		442
46		443		452
47		453		462
48		463		472
49		473		484
50		485		494
51		495		504
52		505		514
53		515		524
54		525		534
55		535		544
56		545		555
57		556		566
58		567		576
59		577		586
60		587		597
61		598		607
62		608		617
63		618		625
64		626		636
65		637		646
66		647		655
67		656		663
68		664		673
69		674		683
70		684		693
71		694		704
72		705		714
73		715		725
74		726		736
75		737		746
76		747		756
77		757		767
78		768		777
79		778		788
80		789		798
81		799		808
82		809		819
83		820		829
84		830		839
85		840		850
86		851		861
87		862		872
88		873		882
89		883		892
90		893		903
91		904		907
92		908		910
93		911		914
94		915		924
95		925		930
96		931		935
97		936		946
98		947		956
99		957		966
100		967		979
