14,15,17,10,3,
14,15,17,10,3,
14,15,17,10,3,
14,15,17,10,3,
14,15,17,10,3,
14,15,17,10,3,
14,15,17,10,3,
14,15,17,10,3,
14,15,17,10,3,
3,10,17,15,14,
11,9,20,19,13,
11,9,20,19,13,
11,9,20,19,13,
11,9,20,19,13,
11,9,20,19,13,
11,9,20,19,13,
11,9,20,19,13,
11,9,20,19,13,
9,20,19,13,11,
11,9,20,19,13,
16,1,10,12,14,
16,1,10,12,14,
14,12,10,1,16,
14,12,10,1,16,
16,1,10,12,14,
14,12,10,1,16,
14,12,10,1,16,
14,12,10,1,16,
14,12,10,1,16,
14,12,10,1,16,
9,21,20,6,13,
13,6,20,21,9,
9,21,20,6,13,
9,21,20,6,13,
9,21,20,6,13,
9,21,20,6,13,
9,21,20,6,13,
9,21,20,6,13,
9,21,20,6,13,
9,21,20,6,13,
12,18,17,16,7,
12,18,17,16,7,
12,18,17,16,7,
12,18,17,16,7,
12,18,17,16,7,
12,18,17,16,7,
12,18,17,16,7,
12,18,17,16,7,
12,18,17,16,7,
14,15,20,9,3,
14,15,20,9,3,
14,15,20,9,3,
14,15,20,9,3,
14,15,20,9,3,
14,15,20,9,3,
14,15,20,9,3,
14,15,20,9,3,
14,15,20,9,3,
14,15,20,9,3,
17,16,21,19,5,
17,16,21,19,5,
17,16,21,19,5,
17,16,21,19,5,
17,16,21,19,5,
17,16,21,19,5,
17,16,21,19,5,
17,16,21,19,5,
17,16,21,19,5,
17,16,21,19,5,
10,2,18,13,14,
10,2,18,13,14,
10,2,18,13,14,
10,2,18,13,14,
10,2,18,13,14,
10,2,18,13,14,
10,2,18,13,14,
10,2,18,13,14,
10,2,18,13,14,
10,2,18,13,14,
10,2,18,13,14,
11,12,4,20,15,
11,12,4,20,15,
20,15,4,12,11,
11,12,4,20,15,
11,12,4,20,15,
11,12,4,20,15,
11,12,4,20,15,
20,15,4,12,11,
20,15,4,12,11,
19,14,16,8,10,
19,14,16,8,10,
19,14,16,8,10,
19,14,16,8,10,
19,14,16,8,10,
19,14,16,8,10,
19,14,16,8,10,
19,14,16,8,10,
19,14,16,8,10,
9,21,15,5,12,
9,21,15,5,12,
9,21,15,5,12,
9,21,15,5,12,
9,21,15,5,12,
9,21,15,5,12,
9,21,15,5,12,
9,21,15,5,12,
9,21,15,5,12,
9,21,15,5,12,
20,14,13,18,1,
20,14,13,18,1,
20,14,13,18,1,
20,14,13,18,1,
20,14,13,18,1,
20,14,13,18,1,
20,14,13,18,1,
20,14,13,18,1,
1,18,13,14,20,
20,14,13,18,1,
20,14,13,18,1,
20,14,13,18,1,
4,12,11,17,20,
4,12,11,17,20,
4,12,11,17,20,
4,12,11,17,20,
20,17,11,12,4,
4,12,11,17,20,
4,12,11,17,20,
4,12,11,17,20,
4,12,11,17,20,
4,12,11,17,20,
4,12,11,17,20,
13,19,21,10,7,
13,19,21,10,7,
13,19,21,10,7,
13,19,21,10,7,
13,19,21,10,7,
13,19,21,10,7,
13,19,21,10,7,
13,19,21,10,7,
13,19,21,10,7,
13,19,21,10,7,
17,10,18,13,6,
17,10,18,13,6,
17,10,18,13,6,
17,10,18,13,6,
17,10,18,13,6,
17,10,18,13,6,
17,10,18,13,6,
17,10,18,13,6,
17,10,18,13,6,
17,10,18,13,6,
15,16,9,21,3,
15,16,9,21,3,
15,16,9,21,3,
15,16,9,21,3,
15,16,9,21,3,
15,16,9,21,3,
15,16,9,21,3,
15,16,9,21,3,
3,21,15,16,9,
15,16,9,21,3,
15,16,9,21,3,
14,12,18,17,1,
14,12,18,17,1,
14,12,18,17,1,
14,12,18,17,1,
14,12,18,17,1,
14,12,18,17,1,
14,12,18,17,1,
14,12,18,17,1,
14,12,18,17,1,
11,10,21,20,5,
11,10,21,20,5,
11,10,21,20,5,
11,10,21,20,5,
11,10,21,20,5,
11,10,21,20,5,
11,10,21,20,5,
11,10,21,20,5,
11,10,21,20,5,
11,10,21,20,5,
17,9,16,15,6,
17,9,16,15,6,
17,9,16,15,6,
17,9,16,15,6,
17,9,16,15,6,
17,9,16,15,6,
17,9,16,15,6,
17,9,16,15,6,
17,9,16,15,6,
17,9,16,15,6,
20,21,18,2,10,
20,21,18,2,10,
20,21,18,2,10,
20,21,18,2,10,
20,21,18,2,10,
20,21,18,2,10,
20,21,18,2,10,
20,21,18,2,10,
20,21,18,2,10,
12,21,17,1,16,
12,21,17,1,16,
12,21,17,1,16,
12,21,17,1,16,
12,21,17,1,16,
12,21,17,1,16,
12,21,17,1,16,
12,21,17,1,16,
12,21,17,1,16,
11,4,13,19,20,
11,4,13,19,20,
11,4,13,19,20,
11,4,13,19,20,
11,4,13,19,20,
11,4,13,19,20,
11,4,13,19,20,
11,4,13,19,20,
11,4,13,19,20,
11,4,13,19,20,
17,1,9,15,14,
1,9,17,15,14,
17,1,9,15,14,
17,1,9,15,14,
1,9,17,15,14,
1,9,17,15,14,
17,1,9,15,14,
17,1,9,15,14,
17,1,9,15,14,
17,1,9,15,14,
10,21,18,12,13,
10,21,18,12,13,
10,21,18,12,13,
10,21,18,12,13,
10,21,18,12,13,
10,21,18,12,13,
10,21,18,12,13,
10,21,18,12,13,
10,21,18,12,13,
10,21,18,12,13,
14,15,17,10,3,
14,15,17,10,3,
14,15,17,10,3,
14,15,17,10,3,
14,15,17,10,3,
14,15,17,10,3,
3,10,17,15,14,
14,15,17,10,3,
14,15,17,10,3,
14,15,17,10,3,
11,9,20,19,13,
11,9,20,19,13,
11,9,20,19,13,
11,9,20,19,13,
11,9,20,19,13,
11,9,20,19,13,
11,9,20,19,13,
11,9,20,19,13,
11,9,20,19,13,
11,9,20,19,13,
11,9,20,19,13,
11,9,20,19,13,
11,9,20,19,13,
14,12,10,1,16,
14,12,10,1,16,
14,12,10,1,16,
14,12,10,1,16,
14,15,17,10,3,
14,15,17,10,3,
3,10,17,15,14,
14,15,17,10,3,
14,15,17,10,3,
14,15,17,10,3,
14,15,17,10,3,
3,10,17,15,14,
3,10,17,15,14,
11,9,20,19,13,
11,9,20,19,13,
11,9,20,19,13,
11,9,20,19,13,
11,9,20,19,13,
13,19,20,9,11,
11,9,20,19,13,
11,9,20,19,13,
11,9,20,19,13,
11,9,20,19,13,
11,9,20,19,13,
13,19,20,9,11,
14,12,10,1,16,
12,10,1,16,14,
12,10,1,16,14,
12,10,1,16,14,
14,12,10,1,16,
12,10,1,16,14,
12,10,1,16,14,
12,10,1,16,14,
14,12,10,1,16,
12,18,17,16,7,
12,18,17,16,7,
12,18,17,16,7,
12,18,17,16,7,
12,18,17,16,7,
12,18,17,16,7,
12,18,17,16,7,
12,18,17,16,7,
12,18,17,16,7,
12,18,17,16,7,
9,20,15,14,3,
9,20,15,14,3,
9,20,15,14,3,
9,20,15,14,3,
9,20,15,14,3,
9,20,15,14,3,
3,9,20,15,14,
9,20,15,14,3,
9,20,15,14,3,
3,9,20,15,14,
17,16,21,19,5,
17,16,21,19,5,
17,16,21,19,5,
17,16,21,19,5,
17,16,21,19,5,
17,16,21,19,5,
17,16,21,19,5,
21,17,16,19,5,
17,16,21,19,5,
17,16,21,19,5,
15,20,11,12,4,
20,15,4,12,11,
20,15,4,12,11,
20,15,4,12,11,
20,15,4,12,11,
20,15,4,12,11,
20,15,4,12,11,
20,15,4,12,11,
20,15,4,12,11,
20,15,4,12,11,
10,8,16,19,14,
19,14,16,8,10,
10,8,16,19,14,
10,8,16,19,14,
10,8,16,19,14,
10,8,16,19,14,
19,14,16,8,10,
19,14,16,8,10,
19,14,16,8,10,
19,14,16,8,10,
9,21,15,5,12,
9,21,15,5,12,
9,21,15,5,12,
9,21,15,5,12,
9,21,15,5,12,
9,21,15,5,12,
9,21,15,5,12,
9,21,15,5,12,
9,21,15,5,12,
9,21,15,5,12,
9,21,15,5,12,
13,4,20,17,10,
13,4,20,17,10,
13,4,20,17,10,
13,4,20,17,10,
13,4,20,17,10,
13,4,20,17,10,
13,4,20,17,10,
13,4,20,17,10,
13,4,20,17,10,
13,4,20,17,10,
11,12,19,21,7,
11,12,19,21,7,
11,12,19,21,7,
11,12,19,21,7,
11,12,19,21,7,
11,12,19,21,7,
11,12,19,21,7,
11,12,19,21,7,
11,12,19,21,7,
17,10,18,13,6,
17,10,18,13,6,
17,10,18,13,6,
17,10,18,13,6,
17,10,18,13,6,
10,17,18,13,6,
18,10,17,13,6,
17,10,18,13,6,
6,13,18,17,10,
17,10,18,13,6,
14,12,18,17,1,
14,12,18,17,1,
14,12,18,17,1,
14,12,18,17,1,
14,12,18,17,1,
14,12,18,17,1,
14,12,18,17,1,
14,12,18,17,1,
14,12,18,17,1,
14,12,18,17,1,
11,10,21,20,5,
11,10,21,20,5,
11,10,21,20,5,
11,10,21,20,5,
11,10,21,20,5,
11,10,21,20,5,
11,10,21,20,5,
11,10,21,20,5,
11,10,21,20,5,
11,10,21,20,5,
17,9,16,15,6,
17,9,16,15,6,
17,9,16,15,6,
17,9,16,15,6,
6,15,16,9,17,
1,17,18,12,14,
1,17,18,12,14,
1,17,18,12,14,
1,17,18,12,14,
1,17,18,12,14,
1,17,18,12,14,
14,12,18,17,1,
14,12,18,17,1,
1,17,18,12,14,
1,17,18,12,14,
11,10,21,20,5,
11,10,21,20,5,
5,20,21,11,10,
11,10,21,20,5,
11,10,21,20,5,
11,10,21,20,5,
11,10,21,20,5,
11,10,21,20,5,
11,10,21,20,5,
11,10,21,20,5,
11,10,21,20,5,
17,9,16,15,6,
17,9,16,15,6,
17,9,16,15,6,
17,9,16,15,6,
17,9,16,15,6,
17,9,16,15,6,
17,9,16,15,6,
17,9,16,15,6,
17,9,16,15,6,
17,9,16,15,6,
12,21,17,1,16,
12,21,17,1,16,
12,21,17,1,16,
12,21,17,1,16,
12,21,17,1,16,
12,21,17,1,16,
12,21,17,1,16,
12,21,17,1,16,
12,21,17,1,16,
12,21,17,1,16,
20,19,13,4,11,
20,19,13,4,11,
20,19,13,4,11,
20,19,13,4,11,
20,19,13,4,11,
20,19,13,4,11,
20,19,13,4,11,
20,19,13,4,11,
20,19,13,4,11,
20,19,13,4,11,
17,1,9,15,14,
17,1,9,15,14,
17,1,9,15,14,
14,15,17,9,1,
14,15,17,9,1,
14,15,17,9,1,
14,15,17,9,1,
14,15,17,9,1,
14,15,17,9,1,
17,1,9,15,14,
15,14,17,10,3,
15,14,17,10,3,
15,14,17,10,3,
15,14,17,10,3,
15,14,17,10,3,
15,14,17,10,3,
15,14,17,10,3,
15,14,17,10,3,
15,14,17,10,3,
15,14,17,10,3,
15,14,17,10,3,
15,14,17,10,3,
20,19,13,11,9,
13,19,20,9,11,
13,19,20,9,11,
13,19,20,9,11,
13,19,20,9,11,
13,19,20,9,11,
13,19,20,9,11,
13,19,20,9,11,
13,19,20,9,11,
13,19,20,9,11,
14,12,10,1,16,
12,10,1,16,14,
10,1,16,14,12,
12,10,1,16,14,
12,10,1,16,14,
12,10,1,16,14,
12,10,1,16,14,
12,10,1,16,14,
12,10,1,16,14,
12,10,1,16,14,
13,6,20,21,9,
9,21,20,6,13,
9,21,20,6,13,
9,21,20,6,13,
9,21,20,6,13,
9,21,20,6,13,
9,21,20,6,13,
9,21,20,6,13,
9,21,20,6,13,
9,21,20,6,13,
12,18,17,16,7,
12,18,17,16,7,
12,18,17,16,7,
12,18,17,16,7,
12,18,17,16,7,
12,18,17,16,7,
12,18,17,16,7,
12,18,17,16,7,
12,18,17,16,7,
12,18,17,16,7,
14,15,20,9,3,
14,15,20,9,3,
14,15,20,9,3,
14,15,20,9,3,
14,15,20,9,3,
14,15,20,9,3,
14,15,20,9,3,
3,9,20,15,14,
14,15,20,9,3,
14,15,20,9,3,
5,19,21,17,16,
5,19,21,17,16,
5,19,21,17,16,
5,19,21,17,16,
5,19,21,17,16,
5,19,21,17,16,
5,19,21,17,16,
5,19,21,17,16,
5,19,21,17,16,
5,19,21,17,16,
10,2,18,13,14,
10,2,18,13,14,
10,2,18,13,14,
10,2,18,13,14,
10,2,18,13,14,
10,2,18,13,14,
10,2,18,13,14,
10,2,18,13,14,
10,2,18,13,14,
10,2,18,13,14,
10,2,18,13,14,
20,15,4,12,11,
11,12,4,20,15,
11,12,4,20,15,
11,12,4,20,15,
11,12,4,20,15,
4,12,11,20,15,
20,15,4,12,11,
11,12,4,20,15,
20,15,4,12,11,
11,12,4,20,15,
20,15,4,12,11,
19,14,16,8,10,
19,14,16,8,10,
19,14,16,8,10,
19,14,16,8,10,
19,14,16,8,10,
19,14,16,8,10,
19,14,16,8,10,
19,14,16,8,10,
19,14,16,8,10,
19,14,16,8,10,
9,21,15,5,12,
9,21,15,5,12,
9,21,15,5,12,
9,21,15,5,12,
9,21,15,5,12,
21,9,15,5,12,
9,21,15,5,12,
9,21,15,5,12,
9,21,15,5,12,
9,21,15,5,12,
1,18,13,14,20,
20,14,13,18,1,
1,18,13,14,20,
1,18,13,14,20,
1,18,13,14,20,
1,18,13,14,20,
20,14,13,18,1,
1,18,13,14,20,
1,18,13,14,20,
1,18,13,14,20,
1,18,13,14,20,
10,17,20,13,4,
10,17,20,13,4,
10,17,20,13,4,
10,17,20,13,4,
10,17,20,13,4,
10,17,20,13,4,
10,17,20,13,4,
10,17,20,13,4,
10,17,20,13,4,
10,17,20,13,4,
11,12,19,21,7,
11,12,19,21,7,
11,12,19,21,7,
11,12,19,21,7,
11,12,19,21,7,
11,12,19,21,7,
11,12,19,21,7,
11,12,19,21,7,
11,12,19,21,7,
11,12,19,21,7,
10,17,18,13,6,
10,17,18,13,6,
10,17,18,13,6,
10,17,18,13,6,
10,17,18,13,6,
10,17,18,13,6,
10,17,18,13,6,
10,17,18,13,6,
3,21,15,16,9,
3,21,15,16,9,
3,21,15,16,9,
15,16,9,21,3,
15,16,9,21,3,
15,16,9,21,3,
15,16,9,21,3,
15,16,9,21,3,
15,16,9,21,3,
15,16,9,21,3,
15,16,9,21,3,
14,12,18,17,1,
14,12,18,17,1,
14,12,18,17,1,
14,12,18,17,1,
14,12,18,17,1,
14,12,18,17,1,
14,12,18,17,1,
14,12,18,17,1,
14,12,18,17,1,
14,12,18,17,1,
20,21,10,11,5,
20,21,10,11,5,
20,21,10,11,5,
20,21,10,11,5,
20,21,10,11,5,
20,21,10,11,5,
20,21,10,11,5,
20,21,10,11,5,
20,21,10,11,5,
17,9,16,15,6,
17,9,16,15,6,
17,9,16,15,6,
17,9,16,15,6,
17,9,16,15,6,
17,9,16,15,6,
17,9,16,15,6,
17,9,16,15,6,
20,21,18,2,10,
20,21,18,2,10,
20,21,18,2,10,
20,21,18,2,10,
20,21,18,2,10,
20,21,18,2,10,
20,21,18,2,10,
20,21,18,2,10,
20,21,18,2,10,
20,21,18,2,10,
16,1,17,21,12,
16,1,17,21,12,
16,1,17,21,12,
16,1,17,21,12,
16,1,17,21,12,
16,1,17,21,12,
16,1,17,21,12,
16,1,17,21,12,
16,1,17,21,12,
16,1,17,21,12,
20,19,13,4,11,
20,19,13,4,11,
20,19,13,4,11,
20,19,13,4,11,
20,19,13,4,11,
20,19,13,4,11,
20,19,13,4,11,
20,19,13,4,11,
20,19,13,4,11,
20,19,13,4,11,
14,15,17,9,1,
14,15,17,9,1,
14,15,17,9,1,
14,15,17,9,1,
14,15,17,9,1,
14,15,17,9,1,
14,15,17,9,1,
14,15,17,9,1,
14,15,17,9,1,
14,15,17,9,1,
14,15,17,9,1,
21,10,18,12,13,
21,10,18,12,13,
21,10,18,12,13,
21,10,18,12,13,
21,10,18,12,13,
21,10,18,12,13,
21,10,18,12,13,
21,10,18,12,13,
21,10,18,12,13,
21,10,18,12,13,
15,14,17,10,3,
15,14,17,10,3,
15,14,17,10,3,
15,14,17,10,3,
15,14,17,10,3,
15,14,17,10,3,
15,14,17,10,3,
15,14,17,10,3,
15,14,17,10,3,
15,14,17,10,3,
15,14,17,10,3,
20,19,13,11,9,
20,19,13,11,9,
13,19,20,9,11,
20,19,13,11,9,
20,19,13,11,9,
20,19,13,11,9,
20,19,13,11,9,
20,19,13,11,9,
20,19,13,11,9,
20,19,13,11,9,
20,19,13,11,9,
12,10,1,16,14,
12,10,1,16,14,
12,10,1,16,14,
12,10,1,16,14,
12,10,1,16,14,
12,10,1,16,14,
12,10,1,16,14,
12,10,1,16,14,
12,10,1,16,14,
12,10,1,16,14,
9,21,20,6,13,
9,21,20,6,13,
13,6,20,21,9,
21,9,20,6,13,
9,21,20,6,13,
9,21,20,6,13,
9,21,20,6,13,
9,21,20,6,13,
9,21,20,6,13,
9,21,20,6,13,
12,18,17,16,7,
12,18,17,16,7,
12,18,17,16,7,
12,18,17,16,7,
12,18,17,16,7,
12,18,17,16,7,
12,18,17,16,7,
12,18,17,16,7,
12,18,17,16,7,
12,18,17,16,7,
12,18,17,16,7,
14,15,20,9,3,
3,9,20,15,14,
3,9,20,15,14,
3,9,20,15,14,
14,15,20,9,3,
14,15,20,9,3,
14,15,20,9,3,
14,15,20,9,3,
14,15,20,9,3,
14,15,20,9,3,
17,16,21,19,5,
17,16,21,19,5,
17,16,21,19,5,
17,16,21,19,5,
17,16,21,19,5,
17,16,21,19,5,
17,16,21,19,5,
17,16,21,19,5,
17,16,21,19,5,
17,16,21,19,5,
17,16,21,19,5,
14,13,18,2,10,
14,13,18,2,10,
14,13,18,2,10,
14,13,18,2,10,
14,13,18,2,10,
14,13,18,2,10,
14,13,18,2,10,
14,13,18,2,10,
14,13,18,2,10,
14,13,18,2,10,
20,15,4,12,11,
20,15,4,12,11,
20,15,4,12,11,
20,15,4,12,11,
20,15,4,12,11,
20,15,4,12,11,
11,12,4,20,15,
20,15,4,12,11,
20,15,4,12,11,
20,15,4,12,11,
19,14,16,8,10,
19,14,16,8,10,
19,14,16,8,10,
19,14,16,8,10,
19,14,16,8,10,
19,14,16,8,10,
10,8,16,19,14,
19,14,16,8,10,
19,14,16,8,10,
19,14,16,8,10,
19,14,16,8,10,
9,21,15,5,12,
9,21,15,5,12,
9,21,15,5,12,
9,21,15,5,12,
9,21,15,5,12,
9,21,15,5,12,
9,21,15,5,12,
9,21,15,5,12,
9,21,15,5,12,
9,21,15,5,12,
17,10,3,14,15,
15,14,17,10,3,
15,14,17,10,3,
17,10,3,14,15,
15,14,17,10,3,
15,14,17,10,3,
15,14,17,10,3,
15,14,17,10,3,
15,14,17,10,3,
15,14,17,10,3,
20,19,13,11,9,
13,19,20,9,11,
20,19,13,11,9,
20,19,13,11,9,
13,19,20,9,11,
20,19,13,11,9,
20,19,13,11,9,
20,19,13,11,9,
20,19,13,11,9,
20,19,13,11,9,
20,19,13,11,9,
10,1,16,14,12,
10,1,16,14,12,
12,10,1,16,14,
12,10,1,16,14,
10,1,16,14,12,
10,1,16,14,12,
10,1,16,14,12,
10,1,16,14,12,
10,1,16,14,12,
10,1,16,14,12,
10,1,16,14,12,
9,21,20,6,13,
9,21,20,6,13,
9,21,20,6,13,
9,21,20,6,13,
9,21,20,6,13,
9,21,20,6,13,
9,21,20,6,13,
9,21,20,6,13,
9,21,20,6,13,
9,21,20,6,13,
9,21,20,6,13,
7,16,17,18,12,
7,16,17,18,12,
7,16,17,18,12,
7,16,17,18,12,
7,16,17,18,12,
7,16,17,18,12,
7,16,17,18,12,
7,16,17,18,12,
7,16,17,18,12,
7,16,17,18,12,
9,20,15,14,3,
9,20,15,14,3,
9,20,15,14,3,
9,20,15,14,3,
9,20,15,14,3,
9,20,15,14,3,
9,20,15,14,3,
9,20,15,14,3,
9,20,15,14,3,
9,20,15,14,3,
17,16,21,19,5,
17,16,21,19,5,
17,16,21,19,5,
17,16,21,19,5,
17,16,21,19,5,
17,16,21,19,5,
17,16,21,19,5,
17,16,21,19,5,
17,16,21,19,5,
17,16,21,19,5,
17,16,21,19,5,
20,15,4,12,11,
20,15,4,12,11,
20,15,4,12,11,
20,15,4,12,11,
19,14,16,8,10,
19,14,16,8,10,
19,14,16,8,10,
21,9,15,5,12,
9,21,15,5,12,
9,21,15,5,12,
9,21,15,5,12,
20,15,4,12,11,
20,15,4,12,11,
20,15,4,12,11,
11,12,4,20,15,
11,12,4,20,15,
20,15,4,12,11,
20,15,4,12,11,
11,12,4,20,15,
20,15,4,12,11,
11,12,4,20,15,
10,8,16,19,14,
10,8,16,19,14,
19,14,16,8,10,
19,14,16,8,10,
10,8,16,19,14,
19,14,16,8,10,
9,21,15,5,12,
9,21,15,5,12,
9,21,15,5,12,
9,21,15,5,12,
9,21,15,5,12,
20,15,4,12,11,
20,15,4,12,11,
20,15,4,12,11,
20,15,4,12,11,
20,15,4,12,11,
20,15,4,12,11,
15,20,11,12,4,
15,20,11,12,4,
20,15,4,12,11,
20,15,4,12,11,
20,15,4,12,11,
19,14,16,8,10,
19,14,16,8,10,
19,14,16,8,10,
19,14,16,8,10,
19,14,16,8,10,
19,14,16,8,10,
19,14,16,8,10,
19,14,16,8,10,
10,8,16,19,14,
19,14,16,8,10,
9,21,15,5,12,
9,21,15,5,12,
9,21,15,5,12,
9,21,15,5,12,
9,21,15,5,12,
9,21,15,5,12,
9,21,15,5,12,
9,21,15,5,12,
9,21,15,5,12,
9,21,15,5,12,
18,13,14,20,1,
18,13,14,20,1,
18,13,14,20,1,
18,13,14,20,1,
18,13,14,20,1,
18,13,14,20,1,
18,13,14,20,1,
18,13,14,20,1,
18,13,14,20,1,
18,13,14,20,1,
18,13,14,20,1,
18,13,14,20,1,
18,13,14,20,1,
