0.528333333333333 -0.41625
0.095 -0.662916666666667
-0.398333333333333 -0.542916666666667
-0.671666666666667 -0.0929166666666667
-0.538333333333333 0.41375
-0.0883333333333333 0.67375
0.415 0.537083333333333
0.658333333333333 0.0904166666666667
0.535 -0.142916666666667
0.291666666666667 -0.462916666666667
-0.118333333333333 -0.522916666666667
-0.475 -0.289583333333333
-0.548333333333333 0.117083333333333
-0.275 0.477083333333333
0.135 0.537083333333333
0.495 0.277083333333333
0.241666666666667 -0.169583333333333
-0.175 -0.229583333333333
-0.251666666666667 0.17375
0.188333333333333 0.250416666666667
0.00833333333333333 0.0104166666666667
